0.571955293983082 0.615277588787293 0.542494820639627
-0.386860317572119 0.785509104928521 -0.483026438988999
0.586931248370335 0.568755922179017 0.576219064829285
0.753573106156286 -0.123529051443078 -0.645653271599812
0.562834779598385 0.559929820972260 0.608025991599382
-0.279420888382601 -0.563407228796595 0.777493576613479
0.566915499148428 0.605226955833926 0.558844476359290
-0.102933505187681 -0.621032413738631 0.776996418650529
0.553376084023103 0.594372872450374 0.583520177994169
-0.389506692485304 -0.434581268949614 0.812049048510804
0.578089441874199 0.576129715569399 0.577829687738091
-0.241206433270121 0.797157500730630 -0.553497403406739
0.608403331538424 0.518601396369780 0.600747848815342
-0.392371082706322 0.854535412011193 -0.340314799964282
0.592438539541902 0.567872739698823 0.571434273011701
-0.267796370506831 0.807795289317457 -0.525120818954928
0.528435666630098 0.609702849114534 0.590777607915892
0.847194213821194 -0.423735814373700 -0.320483889899238
0.591796023935407 0.558577516539385 0.581178650735672
-0.482159018467240 0.823079740964542 -0.300104016841577
0.521721378264208 0.581118829056625 0.624586030886020
-0.256120742963559 -0.591658790408074 0.764422684616731
0.570582966607397 0.571042021288186 0.590208512426417
-0.185664423804976 0.789768990285092 -0.584631220272432
0.548397710662920 0.576983131083017 0.605268880238614
-0.442476253830907 -0.413962832937764 0.795518408172877
0.545640183731713 0.619006667658419 0.564896039366221
-0.218780418893285 0.755928353700143 -0.617014953125992
0.532196048541200 0.615293958593452 0.581533069081658
-0.208794305086568 -0.570282286558639 0.794470296361587
0.406589582577462 0.724124539202104 0.557071416485199
-0.616637094059997 0.667421442055194 -0.417501272949206
0.594388999042620 0.576271637734799 0.560903483105217
-0.182101587495170 -0.582917929650937 0.791862171797090
0.570987144794326 0.561775313758286 0.598650296359572
0.746462146109597 -0.0517428198973128 -0.663413102836030
0.563016093669729 0.586283118351700 0.582481745125704
-0.233941301815043 0.789035697304133 -0.568061735804185
0.512107575849574 0.612399544721073 0.602256281314604
-0.630159644183921 -0.208579062448569 0.747926197930030
0.571881182899794 0.557475737857071 0.601807871621705
-0.0169384757412933 0.741479194670217 -0.670762023306902
0.543694758088583 0.597636241633172 0.589259647959686
-0.523495066619473 -0.307298726014800 0.794682583309056
0.569324503270694 0.564767411487160 0.597417258620531
-0.124965919742807 0.777691677468794 -0.616099970539366
0.522441374396511 0.607879564083936 0.597944350159618
-0.0363127021755983 0.716482251004814 -0.696659580897142
0.573550108375669 0.575382686317420 0.583073783897380
-0.164841381558341 0.778292740145287 -0.605877652305380
0.532015454045469 0.597186401019008 0.600273237030237
-0.233923558990295 -0.577676197907319 0.782029397734291
0.575217271442790 0.539943291066691 0.614480539208512
-0.209469298528114 0.823379282432413 -0.527417453479902
0.533108727197335 0.623926868366685 0.571410839865835
-0.0456600265000124 -0.653187285682307 0.755818451615862
0.570719027481096 0.587731508890892 0.573455722029057
-0.594149279825317 -0.186482812034008 0.782439003436655
0.523346778470227 0.619124136193401 0.585485656056244
0.823323444233045 -0.190285491953429 -0.534724169762577
0.539414524087978 0.598145112731587 0.592667187651094
-0.131923310158840 -0.635122331793402 0.761062325893252
0.522137440479286 0.590323939672550 0.615540526285004
-0.482378730406745 -0.390788573285646 0.783961128781617
0.558646402113239 0.586292462858797 0.586664593614529
-0.138095073998223 0.763207834616435 -0.631223852304012
0.561628233442897 0.587258835787190 0.582838560143103
-0.179483962702356 0.774130021884288 -0.607048775923394
0.557913854437446 0.576490717959310 0.596984575289439
-0.186319840615443 0.787992511612662 -0.586815745047289
0.497126829988676 0.629616977171034 0.597032140645224
0.833271188134349 -0.154584144385188 -0.530813403494927
0.528870498139187 0.601120780242614 0.599124197273420
0.842408634013579 -0.285998785423829 -0.456675363990078
0.570091893691117 0.603884677830171 0.557062409995170
-0.0786121602992116 0.715020955634078 -0.694669101988293
0.555371827246968 0.611181267961088 0.563932257628379
-0.583208031965030 0.769660270261524 -0.259791185055295
0.556230564973081 0.571751963218718 0.603081463108648
0.768710064767843 -0.0782675538691040 -0.634790537371160
0.575867377060684 0.570844731708437 0.585246150194916
-0.194699881008569 0.791022952043316 -0.579978142412219
0.520088864320329 0.602430719638429 0.605462468899531
-0.591042468683130 -0.257892846104728 0.764303657024455
0.517533547033626 0.636839216964603 0.571484767452909
-0.403928785048076 0.770614338751219 -0.492945308853434
0.582225674310002 0.563243847099549 0.586318712714137
-0.295709881976233 0.818467991937496 -0.492611217772601
0.512354893196843 0.632430621396011 0.580968133840323
-0.275962819027706 0.761876925602623 -0.585993236094562
0.605430674215488 0.557595946438298 0.567926455832584
-0.489216792368281 -0.302131186056345 0.818158711056160
0.556286302644071 0.583335822807920 0.591831789716974
-0.128928563234868 0.764162334136300 -0.632007399220574
0.571095165834180 0.589479415612462 0.571283056050169
-0.443885819350225 -0.363653205875166 0.818976022381910
0.541140692685886 0.596695407443648 0.592554926952007
0.761423898452459 -0.0485869677223257 -0.646430934774172
0.544718585957848 0.561590280964359 0.622814593951086
0.824395577136244 -0.222389670016092 -0.520494732988081
0.568805686816503 0.566265371060366 0.596492766245386
-0.524493117419735 -0.308906134555894 0.793400258263800
0.564060041597891 0.574228978384501 0.593377914870513
-0.268520916301452 -0.551991207820732 0.789431582847582
0.573040298919882 0.584469681915961 0.574473678017426
-0.214068839984766 0.783396590754830 -0.583493199053157
0.566045512331936 0.599326917276504 0.566038624297600
0.0323937561618645 -0.702268786154143 0.711174519056549
0.595562261399273 0.549486545531137 0.585977925418050
0.0405020980736972 0.707987497371666 -0.705062609714225
0.567115213166482 0.605342900744552 0.558516165847782
-0.433558941513803 0.795960671125691 -0.422460949975935
0.534153638446460 0.579633715816489 0.615389832564025
-0.552555908153133 -0.311546808086783 0.773059218130154
0.570694014024058 0.590812867212074 0.570305618325610
0.801858132685469 -0.251244817339660 -0.542125056427143
0.554810847971938 0.586554092573198 0.590033235892938
0.771729938614355 -0.0978625649402276 -0.628375540763328
0.569629247563970 0.538633866987868 0.620802768722402
0.821366713680309 -0.345813785613462 -0.453618283733906
0.515186854518946 0.606691303971860 0.605399179563203
0.793765962563329 -0.0713029904319924 -0.604029370338369
0.571644711048029 0.586644674912464 0.573646537275058
-0.215849567609042 0.782036629403648 -0.584660306873976
0.587990640522324 0.580718976439504 0.563056371122112
0.788627992848122 -0.256833469378596 -0.558661308758085
0.595923310177376 0.578900375732878 0.556551671782209
-0.425867222715451 -0.359750679012516 0.830190675427436
0.545283598337922 0.589495053289402 0.595954175697237
0.836710012334515 -0.339664152785701 -0.429586567028751
0.577909650138506 0.581479045447188 0.572627763894327
-0.462895213308110 0.811429029595025 -0.356806602274840
0.532885573338988 0.588155861768880 0.608363088947780
-0.661034813223829 -0.159485276142272 0.733210353445695
0.528655022222968 0.592816093124458 0.607530202715130
-0.692971579083783 -0.111930538435941 0.712223241089176
0.568793446999094 0.561547702902111 0.600947744829990
0.788929786503100 -0.579058401193780 -0.205623831243065
0.587995541654316 0.555741945873322 0.587717732071767
-0.394971066498922 -0.436811584136194 0.808203870686805
0.592097974767630 0.564050353440004 0.575558152631233
-0.647195342003507 -0.0927241466265316 0.756664008607087
0.593533404401102 0.565605710077876 0.572545438011115
-0.137465372209852 0.772197802293417 -0.620333640532596
0.551017842121530 0.574472165738658 0.605277678801448
-0.348500801726544 -0.500631193737027 0.792411256263687
0.543696869365700 0.597749062841682 0.589143252625224
-0.325035883689628 -0.497216571129186 0.804442263750878
0.553328218724553 0.581347854204456 0.596542165127485
-0.00981407012594142 0.720668934701492 -0.693209903697126
0.576996697648471 0.568159649408869 0.586744768776296
-0.126795041276147 0.771995049796396 -0.622853642999413
0.574483306124533 0.564737095685719 0.592487083184676
-0.487689318516475 -0.345177089833607 0.801880231243382
0.579780562126272 0.567201507723503 0.584924738249913
-0.0974454157801476 -0.664475133880675 0.740929947699304
0.561595730714011 0.588633637903672 0.581481449035208
-0.0688615492390806 -0.667082651472839 0.741794326710821
0.560953595610836 0.582632776929574 0.588107227313700
0.746124891652532 -0.0480530053168502 -0.664069691174440
0.558276841908945 0.564921430537966 0.607610685478056
-0.205498364663843 -0.615387751819022 0.760965398051459
0.530614467659891 0.610546409303625 0.587946739761741
-0.415079646182924 -0.417616492207876 0.808273068189612
0.521976634829503 0.609748743022188 0.596445188659385
-0.587638997026770 -0.249767244007206 0.769608168482129
0.560498651750665 0.587141848896860 0.584042558945548
0.799297353019315 -0.198985222920369 -0.567034939413479
0.568448753298504 0.585702570752106 0.577770294743292
-0.490603325836602 -0.322423225971537 0.809537917600018
0.560732780215717 0.617396796986480 0.551724518453175
-0.167910102681225 0.737280489294753 -0.654388017557528
0.557211030513274 0.614372311334043 0.558625572759072
-0.137118974103094 0.731584367193916 -0.667819362266768
0.571615531500936 0.590108601541955 0.570111850896910
-0.294687390648919 -0.500814519965772 0.813845291430739
0.534708471722155 0.598920700248859 0.596138276813337
-0.0395615435350386 0.722427250596214 -0.690314241392369
0.550579836300084 0.609516978807154 0.570395386031104
-0.689599196009005 -0.0529751528816978 0.722251051948625
0.568706824003201 0.578277469566991 0.584951037714602
-0.165679175126110 -0.616042381454883 0.770092328997587
0.561759597742788 0.579801579975757 0.590132427681684
-0.634935164691827 0.759450487865419 -0.141747286107143
0.548958326566760 0.604244102691582 0.577523869684594
-0.125609402939391 -0.623458549010467 0.771700534896130
0.554888245995947 0.580011248516742 0.596394153265767
-0.442660614392768 0.812823551576396 -0.378641591043761
0.464865906485800 0.597399905460052 0.653462349292947
0.856241298123796 -0.115545775107587 -0.503487848157295
0.581829836576712 0.581541940322060 0.568579821059075
0.777592957782962 -0.192855985197696 -0.598461160794726
0.591782606720689 0.588921606030555 0.550422281828469
-0.163926820489640 0.756476693624244 -0.633143751076713
0.574592397760750 0.570690626796139 0.586647922456547
-0.212963558544253 0.796350872185240 -0.566102297382705
0.600204666123827 0.555996360299640 0.574997744427523
-0.129362712724304 0.776899313501533 -0.616192133378426
0.588236114212571 0.568659693221418 0.574982110366416
-0.659987111229070 0.748457422287594 -0.0650269177657739
0.556753430594188 0.593196736546421 0.581500859218865
0.813952844912870 -0.529345247838255 -0.239320652784713
0.569377100153420 0.566617459210594 0.595612602904450
0.791453720493520 -0.573732354283382 -0.210789454113372
0.636198909531143 0.540889915826204 0.550171833583750
0.737639660632928 -0.635441110994260 -0.228259338296859
0.607586002522830 0.562695903619822 0.560546670303017
-0.581468137298221 -0.165632255426474 0.796530452192053
0.563885878654722 0.593576535753135 0.574194750983584
0.768296273800600 -0.122028665047438 -0.628354868343402
0.567285061566825 0.582325627100724 0.582309645244584
0.774024580385667 -0.135580787615955 -0.618468915134972
0.565779308603207 0.580058748507614 0.586025274400566
-0.0154082347611683 0.718029012867906 -0.695842599286280
0.582954299947098 0.571205031944193 0.577831373027479
-0.222520395235139 0.796221503789013 -0.562597538750713
0.540476362208017 0.571487047942168 0.617485105835546
0.765161824662811 -0.0286724314914882 -0.643199248873197
0.581691216170469 0.565071747068127 0.585089095519218
-0.351252455464881 -0.474280538781435 0.807266797944201
0.578890887581127 0.567987259757166 0.585043428327403
-0.00594414353203071 0.720408605214478 -0.693524411027183
0.587780669125848 0.563122836802914 0.580867072291940
-0.0626015480221917 0.747493584540448 -0.661312624449358
0.562641338431880 0.601866133700543 0.566737930080511
-0.209675474036576 0.767017369588012 -0.606399662217769
0.501805481853137 0.667474082532475 0.550154167056446
0.734844859368010 0.00654317099793838 -0.678203671159116
0.592971862875097 0.553787883898029 0.584553974827116
-0.666922502955667 -0.0690293153432759 0.741922724193421
0.584614693091307 0.578248628057458 0.569081878793751
0.808065936704895 -0.352333413723076 -0.472112918178993
0.595212128945584 0.560662775010137 0.575655951305985
-0.449254525977155 -0.361781138416900 0.816875008048853
0.538207464294889 0.585549439742655 0.606188567192032
-0.577605911326425 0.780037964323150 -0.240649507407280
0.572867961469425 0.550662561930781 0.607118638825801
0.819504919915936 -0.398625269066223 -0.411715412749457
0.529354869779952 0.617274259144702 0.582027414163293
-0.146055625594803 0.742090955190796 -0.654193219512495
0.430827748266466 0.677278607527686 0.596390089713943
-0.138073891546532 0.702558231417412 -0.698102809005117
0.564150973001245 0.553994818869081 0.612228242020870
0.0439943306509267 0.720268907767084 -0.692298490085446
0.598388126786696 0.567022400481900 0.566054102601909
-0.159238900977905 0.776575172899232 -0.609568678043646
0.577271919999156 0.576112608414865 0.578663453836432
-0.0236754671793164 -0.696559922936307 0.717107904023381
0.579148944689545 0.579255115721101 0.573628809227641
-0.152207616820611 0.768106896001439 -0.621968357472327
0.563656126699043 0.603173115531110 0.564334974580812
-0.279960661952742 -0.503265239968282 0.817524388626205
0.559075483924329 0.588713045332626 0.583824933974186
0.815327038514506 -0.262477746145874 -0.516088415918578
0.546749851621882 0.584975468864935 0.599056174809759
-0.491639899882493 -0.354847269558770 0.795219230231650
0.587293882062377 0.562010404408881 0.582434718597946
-0.415895642460433 0.826890141602642 -0.378528081260541
0.580566437144221 0.585620061546737 0.565678137791855
-0.561228643843174 -0.215512624316465 0.799109953692345
0.541313223953003 0.642898810243454 0.541905077814517
-0.352548734814576 0.758647610433790 -0.547871511180991
0.520810024431083 0.622746343385182 0.583904024864087
-0.336379362178303 0.778357072067658 -0.530103002314438
0.515296685150685 0.661230763616942 0.545200149962628
0.0771390095009979 -0.669367636848681 0.738915786780075
0.578769634454139 0.545363465221146 0.606303885057490
0.813593309460418 -0.436846940491993 -0.383706499011978
0.594842050433021 0.558589368021009 0.578049178678190
0.802941089547007 -0.446939261315355 -0.394374065338925
0.587258112682540 0.558513104176722 0.585825077605443
-0.397553945655880 0.829491871011397 -0.392293380290125
0.574732847527897 0.593293207315610 0.563635808058388
-0.663791839673493 -0.0648302715556547 0.745102294636716
0.582433779057082 0.545222697734413 0.602912185055582
-0.0332629510662134 0.757064987641007 -0.652492283919503
0.568034909795618 0.584989734786156 0.578898394753610
0.817785967006500 -0.322112266405194 -0.476937941454182
0.567778889117213 0.587053811806862 0.577057150649618
-0.626508033180194 0.762885470875037 -0.159666661167754
0.586501803374204 0.560108662390134 0.585058903833061
0.763800009194347 -0.622820210657482 -0.169424116203346
0.592468932262867 0.567351240588368 0.571920566255611
-0.0472991822908688 -0.684213862489412 0.727745956864025
0.578243379084757 0.576222786473165 0.577582803495519
-0.0153752569004720 0.715510448920562 -0.698432816354401
0.547355500985563 0.622890246524666 0.558936218476925
-0.397878517839594 0.781240045433061 -0.480995505647940
0.573310832564301 0.590654758130070 0.567839454390708
-0.0880775261450826 0.733459274636560 -0.674002850021996
0.489005268043862 0.587954201911002 0.644347502734780
0.853608812962521 -0.170531505599324 -0.492210320930742
0.599808673276145 0.559067148466152 0.572427706325120
-0.218086463696926 0.802547599171418 -0.555297798857840
0.565378360437824 0.583920632048707 0.582566738680194
-0.321983095673739 0.806491009383101 -0.495882181455013
0.563533932196036 0.577560817905907 0.590637798387076
-0.274493676744038 0.805269015135033 -0.525542609776785
0.574944659793589 0.581340748398343 0.575744363781782
-0.320089034157963 0.807409641351915 -0.495613439349452
0.551086175107553 0.590643967200391 0.589443577974271
-0.190663482878231 0.776828433346524 -0.600154164728636
0.604813060682101 0.552328063035533 0.573702773578589
-0.602362874571923 0.788514926345454 -0.124109541405458
0.560458209392239 0.578967813363439 0.592184824707627
-0.178777804616787 0.782760798866800 -0.596090620907435
0.576627615106545 0.590009123113178 0.565145846786260
-0.0774738018952191 0.728097229504150 -0.681081665006688
0.603793670943116 0.526537572188347 0.598490925581197
-0.0434009673324786 0.771397896895596 -0.634871357599047
0.561934520280559 0.597011490560914 0.572544212314904
-0.476140693469013 0.799448564375094 -0.366295008076071
0.539872095246044 0.608615921541051 0.581484979016125
0.808061663341438 -0.181257726971433 -0.560519388291804
0.594482271141401 0.562574285135573 0.574544169757870
-0.0431990794327774 0.735822865862020 -0.675794754056854
0.606090527751121 0.547848344276039 0.576642405520415
0.731989093798287 -0.100531951586819 -0.673858511314139
0.570208034432350 0.583942965084503 0.577817800865562
0.735753101139517 -0.675882366382428 -0.0430162873441270
0.561248327259707 0.604229115657736 0.565603651808978
0.823909851000375 -0.343019252351860 -0.451121214243480
0.550292091218373 0.599930546775671 0.580742587888950
0.817361033081160 -0.244951058803749 -0.521459413944576
0.577102430235329 0.577861048291718 0.577086989875594
0.814612679966074 -0.457464343226035 -0.356556526115092
0.531966836436493 0.616081260921714 0.580908912715980
-0.164584882620591 -0.597720160864648 0.784628845830120
0.566677115910729 0.573908539539229 0.591190353902234
0.823288749836374 -0.365880840948568 -0.433966409552202
0.571102772282207 0.579342254186298 0.581553244343041
-0.156881163081952 0.772424409485094 -0.615425732563774
0.579215154373441 0.589054409759027 0.563493307225201
-0.119422112820277 -0.622479910966806 0.773470826477831
0.577501161932451 0.572966985145751 0.581550721691288
-0.326479915718761 -0.490818012237013 0.807780009344115
0.611387003861913 0.551597861637420 0.567402617676178
-0.467258748373766 -0.327039477786347 0.821410032832212
0.592096412337272 0.560182466226240 0.579324989129607
-0.678635885317074 0.734291049605573 -0.0164313611443522
0.567017126905394 0.570856672441275 0.593813301741572
0.776805968088741 -0.130803280232162 -0.616005673530869
0.563523154862372 0.574291205099783 0.593827639706168
-0.230050070201352 0.799491414855190 -0.554878764031567
0.548031300743274 0.614580315090958 0.567408785364074
-0.152663892764589 0.740444012567942 -0.654550532883633
0.552091797655573 0.587421324662491 0.591718543137869
-0.0142415325839965 0.716219213877553 -0.697730045520673
0.564793198544303 0.531064871430621 0.631647643239864
0.772002547880800 -0.610467491637182 -0.177035329015880
0.539158296814458 0.612127930883802 0.578452873800493
0.798559430287134 -0.153327023761780 -0.582059842356302
0.557453573579014 0.579144584985752 0.594842048770653
-0.573202116161329 -0.249821593294824 0.780402784177383
0.572441834456572 0.564975759482286 0.594232898249002
-0.550213211220851 0.802007747931692 -0.232484396155043
0.506876807732606 0.601000944827063 0.617959356349413
0.793773690976750 -0.0458644404719994 -0.606481475902882
0.524024826017719 0.619507103468476 0.584473207657287
-0.106029888516443 -0.633450625171692 0.766484160443504
0.569307636957815 0.567470706340878 0.594866213485430
-0.180688301627846 0.792246279422032 -0.582835800544882
0.573358705197671 0.584694736798926 0.573926702579419
-0.514246699265640 0.802157379193901 -0.303469720563958
0.599080872703120 0.540968743938430 0.590300708150469
-0.629550630079994 -0.137292223678866 0.764733188427961
0.570315524303147 0.564853669151229 0.596389583397649
-0.142093097068093 -0.647256467810144 0.748911621383681
0.577151708290251 0.570620799255398 0.584198432961589
-0.437612018485216 -0.387880739319238 0.811199268578600
0.560584547810652 0.595125839920909 0.575821325946131
-0.0561122390047382 -0.666457685009589 0.743428255264444
0.607761997094415 0.562782559380915 0.560268815609502
-0.0813745918882459 0.745944231275295 -0.661018441211840
0.586268311630811 0.576195042324176 0.569463554565697
-0.609288282151035 0.776885006536386 -0.158800112885352
0.499376911339703 0.645529033016593 0.577853760006354
0.817425630029771 -0.572085975379582 -0.0673273803472588
0.598703280754949 0.584977386591530 0.547134205464989
-0.322118625757552 -0.449568854514855 0.833143106549090
0.591940596216538 0.575675661004605 0.564095615900107
-0.0329139908298803 -0.682036855836901 0.730576756054944
0.571764485887339 0.582888132559987 0.577344609049671
0.736727405224277 -0.674434084229933 -0.0486969857428137
0.588452456701519 0.570103787530235 0.573328333196284
0.804354696171049 -0.484766321333441 -0.343533311992334
0.581926182497709 0.573162552366812 0.576928597564729
0.728310737286822 -0.0516599275978543 -0.683296949966346
0.602186818697424 0.492316186721032 0.628486919258896
-0.201106058711289 0.855383912539971 -0.477362247478185
0.574634601369316 0.595432985276219 0.561475409037811
-0.583610173390316 0.779096506863627 -0.228927496182129
0.588157012419035 0.561854359565672 0.581713853521957
-0.309604869461200 0.820908152054099 -0.479848549749854
0.584264217927858 0.562037113699563 0.585448209898548
-0.170308050640313 0.790231323651546 -0.588667667709908
0.551864610570888 0.561065332423334 0.616969322051053
-0.293486645682111 -0.561831785641281 0.773440775657317
0.573497865687111 0.571777895433196 0.586660239275098
-0.184657301789331 0.787928848250531 -0.587426430279126
0.570754750948229 0.608753081855128 0.551052356497920
0.757555422277868 -0.649285107760403 -0.0673693626061848
0.534844996221499 0.610153866438858 0.584510983033286
-0.323070824420373 -0.491532422601473 0.808715722574916
0.656622767929568 0.527568359255971 0.538997371930954
0.741944895492999 -0.323421897083982 -0.587295537645640
0.551385040789031 0.591734507959587 0.588068711022704
-0.0828400154766169 0.740257912620910 -0.667199936029649
0.535534660343247 0.605530864208447 0.588672234831925
0.842762640744416 -0.428050652538093 -0.326379794453044
0.553404944987169 0.608926847114690 0.568287833519874
0.781566915197165 -0.143792751287398 -0.607022900512320
0.580378637449437 0.568551863450133 0.583017508964968
-0.0219831227955047 -0.704733483806125 0.709131482247573
0.541653767500787 0.597587825868989 0.591185238758022
0.788663455595030 -0.117893661860736 -0.603416140239862
0.553296162635841 0.598434369019698 0.579430463807736
-0.488181045002343 -0.330667233014753 0.807674716894609
0.612218403784585 0.518546561869736 0.596907102688963
-0.176312491644415 0.825442337745814 -0.536245142026353
0.574284336009912 0.589116013626391 0.568453888985382
-0.230426498154063 0.782622029210508 -0.578278815402123
0.597901675999944 0.541855118303553 0.590683177858233
-0.443070167600024 0.837509070068222 -0.319792720580610
0.556876585741569 0.603301694443476 0.570890124047039
-0.334664419294458 -0.466088858836204 0.818999940248513
0.570940262993454 0.581106086626503 0.579950801515609
0.800496115317554 -0.237173248328885 -0.550413317097824
0.584505756835687 0.571352358052166 0.576115876516322
-0.524452608053882 -0.275742683012996 0.805552875154869
0.568918985229667 0.578373080947891 0.584650123988775
-0.113156286156701 0.759203720351433 -0.640941000332921
0.567603395274375 0.573188614889606 0.591000167033764
-0.130225944769214 -0.646298343743964 0.751890719574842
0.561197651023735 0.583259033707752 0.587253008577854
-0.562326636085585 -0.251937743722962 0.787601503068940
0.574763235035231 0.585629041902143 0.571564387390095
0.789513456777057 -0.213159707457957 -0.575527098132121
0.531856951330703 0.592484921351743 0.605053552416668
0.846724056400489 -0.360539710737512 -0.391240960654699
0.594684809750094 0.564597066047170 0.572346162792607
-0.375005366096846 -0.434915780349686 0.818669188012713
0.578151131937961 0.576393830571116 0.577504476795124
-0.0432995282909111 0.728463689864036 -0.683714709070573
0.536446928477014 0.618938630359998 0.573706950259161
-0.682525488144958 -0.0816509268381000 0.726286502820317
0.579339613581206 0.584541583824067 0.568046432007129
0.789384154527225 -0.576004842122918 -0.212346599766256
0.566390278918742 0.592722622336803 0.572609766696774
0.796875203505932 -0.216647563539113 -0.563962537097940
0.563947040014899 0.573944632373381 0.593760300987039
0.805556668564984 -0.224069406811415 -0.548517415094238
0.590573736962342 0.575186127601704 0.566024363278552
0.731979556385696 -0.0865148845159483 -0.675811441003030
0.572726102357185 0.591887332381401 0.567145658050184
-0.197536366250345 0.771116238024818 -0.605276078713724
0.564915805126605 0.577701962919842 0.589177880742922
-0.201140989860201 0.788898039348657 -0.580673906517163
0.570328524978298 0.575059427673723 0.586542435156783
-0.396375405360409 -0.432752476731843 0.809698605598298
0.602193598780147 0.552990640641323 0.575816134674355
-0.230959023544446 0.811087376216459 -0.537396685499359
0.577803840758905 0.587363640136515 0.566698046449643
-0.597839132485696 0.777270251017062 -0.196059502581805
0.548770482415523 0.586217572398929 0.595986506088973
-0.0378541377865387 0.729619444645479 -0.682804899109300
0.555339386339368 0.587678719685502 0.588414724840417
0.794061401062484 -0.164468433675198 -0.585163759700745
0.557346612091014 0.599347928038822 0.574584036626706
-0.165281412797754 0.758276202539213 -0.630634010537244
0.538689955202214 0.593516894682135 0.597955540062230
-0.577772442876483 -0.256305819056759 0.774910531203561
0.551725658998203 0.589473665563700 0.590016605537416
0.782351510132380 -0.120649470566769 -0.611039949467744
0.557179838772814 0.576317773563887 0.597836475250102
0.771534357597662 -0.0930725541030670 -0.629342700536913
0.566001498326160 0.570912479658614 0.594727874294282
0.816978215095403 -0.291824388397470 -0.497378248816706
0.566630582618627 0.571598620616808 0.593468448824567
-0.376706671585526 -0.460864271916604 0.803552242516772
0.603342855033770 0.545649307975172 0.581587682113295
-0.518111085477977 -0.286201909650543 0.806008294012670
0.565921611731909 0.597669886407979 0.567911468677849
-0.239719853675931 -0.539784647899499 0.806949146877053
0.585923359117354 0.582608647049881 0.563259249034886
-0.365231341504210 0.810325262543560 -0.458234695398270
0.581357609356505 0.539951950687978 0.608666756929879
0.759566966915933 -0.0919782881859861 -0.643892861641209
0.575575477521993 0.583775501206783 0.572642151667251
-0.508715091779229 -0.292656493720251 0.809667297153231
0.557097762483192 0.592199551504362 0.582187061204776
-0.377570475239954 0.805026685873219 -0.457572476509521
0.565451558851765 0.499374735702055 0.656421669306104
0.00857856369598322 0.792269466656879 -0.610111055831754
0.597341656128420 0.532069424390437 0.600070890380950
-0.119710380877251 -0.680693223085483 0.722721357616973
0.606214615518228 0.540653231845784 0.583264882216302
-0.0715049575812540 0.767471055887954 -0.637083369281864
0.591460057355836 0.558671425127429 0.581430339162585
-0.141212440431310 0.781701581116359 -0.607455088667152
0.542361445495725 0.609182726547494 0.578567600299178
0.753051066682980 -0.0471606613216413 -0.656269733410991
0.576397990176156 0.568245701373878 0.587249674151462
-0.257823531103093 0.808394265265356 -0.529174582435342
0.551140754308655 0.584830514227239 0.595161439080851
-0.117163635216408 -0.651963170774179 0.749143982514013
0.581758222673185 0.567837062708604 0.582338767871934
-0.0848515621637623 0.754428653273223 -0.650874503663126
0.590032548212212 0.535796641671522 0.603973137501762
-0.207116836446010 -0.622586223101699 0.754644956827088
0.568367912327854 0.571843080034957 0.591568599616485
-0.282433640400706 0.810904582442975 -0.512508533531871
0.566481437925204 0.617292068230137 0.545938900415012
0.784971418934453 -0.202549705488471 -0.585485685787933
0.605302831757466 0.509143803302917 0.611866872305271
-0.137000275933751 0.823847532051784 -0.550005607540742
0.592146827741326 0.580651315479783 0.558754135758727
-0.285006590097450 0.799481289518903 -0.528773024378339
0.614695384318838 0.541243197870465 0.573764224447698
0.733924029704117 -0.125973276269772 -0.667447565197994
0.576657899412280 0.526219653831162 0.624946832112325
0.00108109525750021 0.764450006844286 -0.644682106366243
0.610513521052333 0.548254153322794 0.571568564545487
0.747329495787775 -0.159823805218439 -0.644945715553712
0.539700142147179 0.595219946857633 0.595346093821998
-0.392533124218399 -0.447680955147021 0.803429840614596
0.589212548000890 0.554336060205312 0.587826594868208
-0.441662262582075 -0.388243280371789 0.808827299895988
0.592490475136160 0.532416425295584 0.604555859245777
0.805575211398319 -0.389812034336321 -0.446200803077642
0.626414387761795 0.556445642911607 0.545869271245143
-0.0995327981738154 -0.637458517934253 0.764028703649775
0.582327219058529 0.561787407011737 0.587613750065968
-0.352569818702504 -0.476776615527590 0.805219586091981
0.613761161218469 0.523921362570505 0.590596006439277
-0.147617772137895 0.811035055306102 -0.566066367499141
0.557062811519979 0.591910375774623 0.582514490010165
-0.315063115399320 0.799618691207147 -0.511219309090575
0.573032896033240 0.571644044048255 0.587244741967023
0.805737096306541 -0.262053687242804 -0.531145551273806
0.589185865726690 0.558477086101422 0.583920679482716
-0.286062210803131 0.820046892050455 -0.495672781569468
0.594011248004281 0.551677842384348 0.585493121621891
-0.303166059718428 0.827667600712494 -0.472288770738440
0.583312235159902 0.552073946945039 0.595786197739832
-0.334669566757703 0.831703168564982 -0.443019322925289
0.584028833904531 0.558896208174753 0.588681025391508
-0.313364072991578 0.824231500649643 -0.471641167727082
0.620909955477462 0.547620663117098 0.560876489537729
0.757552772608903 -0.603084021062918 -0.249806845885267
0.576219924925843 0.578504146984133 0.577324475525347
0.749348789383910 -0.0919696315019393 -0.655757560940220
0.585606072663070 0.556712126166811 0.589183448714375
0.747230913658548 -0.0890258518020639 -0.658574490383532
0.580200251575382 0.540582736864645 0.609210942675683
-0.105322111209085 0.791498027227483 -0.602028343008420
0.574250167382460 0.594625037303708 0.562723564703647
-0.301635252540929 0.792673402597728 -0.529797179341973
0.615893711391335 0.528999139428682 0.583810625761745
-0.148374388475048 0.805661579110539 -0.573493209018003
0.581746223984922 0.564015980030095 0.586052305814059
-0.0660299529214517 -0.685396820665062 0.725169803245706
0.569094988412853 0.590126998174995 0.572608959228150
-0.248648796797731 -0.540267151186394 0.803918640908382
0.600852600997231 0.564525739469514 0.565938902489713
-0.0708181618784746 0.742799651735233 -0.665757812819475
0.606715015449830 0.549490240185456 0.574419155293974
-0.246349318047189 -0.557065063886799 0.793089230852672
0.554329344381860 0.604784532682166 0.571799481449214
0.00991589480217760 -0.691763569128849 0.722055980832780
0.650519313217601 0.510914765907250 0.561952600411139
-0.516364087048577 -0.245066680164433 0.820554965788200
0.567285038810100 0.582229500420791 0.582405780862432
0.734591428613781 -0.0380914408431394 -0.677439646862847
0.585871053200298 0.566141720858280 0.579860897910524
-0.502260420854588 -0.307870967169911 0.808053177220927
0.580905065803804 0.564473998649863 0.586445572386486
-0.196360855680055 0.796377976492956 -0.572035429771252
0.554704220618409 0.580966527575368 0.595635057283521
-0.340343200097524 -0.494810569868108 0.799580518831077
0.530334522653775 0.540603407620219 0.653064506577259
-0.629969850060864 -0.264212936884293 0.730294127045582
0.578668359442674 0.569648264281549 0.583646969306740
-0.198529938654627 0.792499264753847 -0.576654817739697
0.571915458161368 0.569802585375040 0.590116702369958
-0.397186144592506 -0.437081802720274 0.806971290861414
0.563670040065807 0.588820364241563 0.579281161946981
0.825999346512162 -0.400899485115298 -0.396238163729556
0.551449738395399 0.590267327582612 0.589480846179185
-0.319812146195808 0.802233428241108 -0.504124704570357
0.608163349587734 0.574589428654767 0.547708251440870
-0.587965840849632 -0.137500471620785 0.797113411189428
0.562214528878565 0.626137808643525 0.540246488285614
-0.274818879520784 -0.474687493684588 0.836149727500037
0.572226026225712 0.591499505021770 0.568054319998478
0.779242513622619 -0.176265582728982 -0.601424599852978
0.567389950359264 0.583109976384305 0.581421877531632
-0.247166640722139 -0.552922518270838 0.795729439258827
0.587542341847596 0.573261711697541 0.571108576750383
-0.504388488183765 -0.292441980942460 0.812446884891650
0.577300637125532 0.576567365526962 0.578181673337848
-0.304881727147202 -0.504674362960161 0.807682437485485
0.603637090915636 0.565483565278447 0.562005871740576
0.778483580397506 -0.265983972110239 -0.568520748638025
0.588364359981311 0.549326210283412 0.593353262904526
-0.454866358694761 -0.381837979036932 0.804547297237869
0.551522662142386 0.613541012569117 0.565146157236373
-0.281922770419956 -0.500536133255652 0.818524972633223
0.550190834580429 0.602277038808954 0.578405060547718
-0.359894759230348 0.796063186676143 -0.486579043011055
0.555790612723089 0.580632986031462 0.594947166008110
-0.649740467058845 -0.143040493834743 0.746576682323837
0.579987246073927 0.568013801109633 0.583930746014088
-0.342321943443390 -0.480508083658549 0.807420379093772
0.595471637895584 0.567381343528184 0.568763518061860
-0.688695574673670 -0.00401377690300223 0.725039512730083
0.585859733772535 0.572611908846613 0.573484066204993
-0.320453650514371 -0.486287498933668 0.812916924570311
0.575144508338381 0.590057662580399 0.566604579365856
-0.0342670817958254 0.709396306006671 -0.703976312193307
0.587486860983682 0.573949370411330 0.570474634296721
-0.361357018299278 -0.444705641244317 0.819547434851294
0.563544003470948 0.601506840682659 0.566222285647520
-0.571255711602506 -0.211365011494267 0.793089997337972
0.621512804838597 0.530113909861348 0.576802458379969
-0.443435709603580 0.845027572621592 -0.298819632818243
0.599354769548101 0.558807113815960 0.573156583987848
0.767807571981783 -0.198836063560769 -0.609044950915036
0.588785516485431 0.566732993565021 0.576320509423198
-0.141243021180402 -0.629903474529678 0.763722476913749
0.554467798758931 0.602190688179332 0.574396931754975
-0.473783824618664 -0.339019725900724 0.812769655548181
0.567983419249104 0.573594784879135 0.590240508790743
-0.0686051465386241 0.747646605596606 -0.660543629905162
0.554655141543068 0.591117326529480 0.585609067754658
-0.110642490319810 -0.645144614719442 0.756007053825778
0.566356091676417 0.592925322066699 0.572433699106818
-0.313540719811507 -0.487329234435701 0.814986155885115
0.555174454917103 0.606027303441247 0.569659751159610
-0.146589135348559 -0.602890642418972 0.784241352315345
0.562118761264400 0.583703920838986 0.585928520411638
-0.347463803298602 -0.476225197151431 0.807761392364943
0.561279755645035 0.580886954143956 0.589521316330807
-0.432755862084229 -0.401179055362661 0.807327522985596
0.546135623894271 0.579972048689113 0.604457031601891
0.717101645392681 -0.696666042219253 0.0205342590241725
0.554175208215267 0.602017834801685 0.574860300577677
0.823705132100709 -0.297052660452066 -0.482979888058812
0.625470323820668 0.527317529993884 0.575085295048324
0.745694422088683 -0.187082287602599 -0.639484203504046
0.585426211061604 0.578989026656457 0.567492606483523
-0.427600972377457 -0.374190322706837 0.822884567126159
0.573730874504796 0.572678078051812 0.585553330243150
-0.00911259370447024 0.719341975106017 -0.694596345719261
0.576766810257901 0.591140660181889 0.563819799638720
-0.329677768386803 -0.463050999746094 0.822737103007784
0.526542291154509 0.635774339369921 0.564397205011240
-0.185494372631375 0.733801567759893 -0.653549613170428
0.581647923983648 0.565076406705590 0.585127633179473
-0.145341583998885 0.779943766565811 -0.608739307878036
0.546387172751264 0.583043138637783 0.601266792647227
-0.587838699802912 0.778331781003821 -0.220556799245551
0.515970733775412 0.630431499616514 0.579939933250450
0.855753574342661 -0.349158473124810 -0.381803851008488
0.574334569521278 0.571492251982220 0.586119789955176
-0.0198999598577510 -0.706026213930990 0.707906050856985
0.542814870153344 0.625175394446827 0.560809899091183
0.770049126045305 -0.103950464919861 -0.629459009245087
0.543915300345506 0.609797125947231 0.576457813926183
-0.301647002547813 -0.498958733013404 0.812434162627089
0.579828776036645 0.572328433718361 0.579860978543421
-0.326892317729762 -0.488493075149589 0.809021586943242
0.560068866646192 0.584236219767307 0.587359263250063
-0.149480558639946 -0.626085844935149 0.765292151639183
0.576523969016244 0.576999868169885 0.578525077487305
-0.272426507352305 0.803267303724243 -0.529665400851716
0.585067220349818 0.571717124769461 0.575183342002772
-0.0643129341779520 0.739715365057959 -0.669839551829088
0.532745051337853 0.598341865307124 0.598472825194109
-0.244755758860580 -0.568024395039494 0.785775352848763
0.595649800827938 0.551114761880597 0.584357625098647
-0.358866284725023 -0.468266544337753 0.807428902840144
0.585009794989193 0.578401088586468 0.568520642095510
0.806740507275843 -0.343038717363267 -0.481138433623920
0.586966447250668 0.589367684241618 0.555082086338229
0.791559042806416 -0.561738218359552 -0.240591886366992
0.521467659232452 0.612809781401167 0.593747128156156
0.820031129244548 -0.552251775124046 -0.150222914171750
0.598051695609827 0.573350077116983 0.560003445032404
-0.176548592099945 0.775813190812153 -0.605759430458489
0.584246818891989 0.559311449464588 0.588070027388246
-0.0452641983147532 0.745931364933082 -0.664482920141664
0.506558788005327 0.651404620613568 0.564863005106431
-0.149860419978718 -0.578646540328925 0.801691983176312
0.568801618416004 0.567346322350663 0.595468613280761
-0.0561076096812207 0.749075762612620 -0.660104111487107
0.577428191620812 0.582256134484796 0.572323752238488
-0.0157349453081949 -0.692931225206623 0.720831969761190
0.563870573036238 0.588558939937235 0.579351664435119
-0.301054233008770 0.799726527563885 -0.519426443202609
0.610770640667299 0.526808535976082 0.591127728094016
-0.372241639143681 -0.467875984503662 0.801578583304440
0.566691569134993 0.587128496211871 0.578049128022271
-0.218337679638649 0.783504850411768 -0.581763531884944
0.534003953615630 0.618945581352330 0.575974083485796
0.0396261087756775 -0.698810807336239 0.714208111864723
0.577532938075286 0.573528932696783 0.580964946272851
-0.313664189904102 0.812914440992083 -0.490698367226072
0.544999620192926 0.603396505695410 0.582140937320280
0.836684718107303 -0.346543401623996 -0.424106535291044
0.526716268273867 0.591954619643509 0.610048933298273
-0.0887153604272125 0.752031722298423 -0.653129293081499
0.547658596903691 0.594927416408881 0.588329355414579
-0.170563014099649 0.767769071076393 -0.617607409055085
0.585706311526536 0.574538429902752 0.571711211367122
-0.0910534119103979 0.747536184074652 -0.657950552609072
0.598641890276911 0.553414260217626 0.579103223780929
0.768823914421269 -0.194073897832510 -0.609298868203490
0.605648432362669 0.526378253259900 0.596754481233026
-0.217855265898253 -0.611603873956155 0.760578585342912
0.581061152490782 0.570740668820647 0.580192231954415
-0.177657805444688 0.784647358149313 -0.593941266047309
0.558730725967069 0.589270424066331 0.583592617483291
-0.568406443582669 -0.240333592203991 0.786863316816859
0.606330440911483 0.532460697925853 0.590634406031684
0.709513719626390 -0.0268309944674467 -0.704180644009626
0.545202798133787 0.592842025728869 0.592699115434450
0.835875964060350 -0.438220740483979 -0.330566113381050
0.552884679260330 0.600576614357335 0.577603896910575
-0.120029169842289 0.743360583791759 -0.658033464841831
0.597954925531461 0.560757217431131 0.572713933942209
-0.407084718176700 0.827976404545919 -0.385664498939440
0.548808177342928 0.591446652143507 0.590762593729301
0.777159398198408 -0.100647950293816 -0.621203074600844
0.585187747789174 0.566983612459369 0.579728283801954
-0.162184872366978 -0.618640295086882 0.768752399976822
0.575890747072218 0.578470455766554 0.577686575265376
-0.349527766607970 0.813007919024812 -0.465669908812014
0.549126854986863 0.606142281289756 0.575370517114917
-0.235325659253805 0.772744849190227 -0.589480476476308
0.550818932258443 0.585977346077812 0.594330761234242
0.830381964941028 -0.313045628803095 -0.460942758472190
0.565168329027963 0.591976757921384 0.574585309544742
-0.153010017431776 0.759620946367175 -0.632110712142869
0.569488779863728 0.594749157025550 0.567411640545662
-0.259786219714378 0.785126682708455 -0.562216339273175
0.581927920653464 0.568132145843565 0.581881225013423
-0.598109179265870 -0.185810089348300 0.779576821342377
0.534484055675896 0.611323223547377 0.583618634537906
-0.332823621062584 0.786970397639189 -0.519524812210549
0.541126195373496 0.595370131723349 0.593899694335944
-0.346620354855921 0.801358707349995 -0.487522873057152
0.564102394934073 0.566025704734118 0.601168353799407
-0.546053606224259 0.801855833889940 -0.242595714690412
0.554777579225950 0.601764279044728 0.574544680641963
-0.0565674568936446 -0.661680242878494 0.747649235273362
0.564923090172425 0.586950571503044 0.579957695700546
-0.387200589198805 0.809235458286730 -0.441829918379872
0.577262794639589 0.586174846585221 0.568477541469920
0.0189443428716564 -0.705613869149573 0.708343263917241
0.535517651033136 0.606846181434801 0.587331726973738
-0.155999715395159 0.754571744675592 -0.637405342724599
0.571098986632300 0.588694464759434 0.572088082928812
-0.110973080189834 -0.635153798953114 0.764372047597639
0.548272313284142 0.611240616448132 0.570773492105374
-0.517577269158973 -0.288083085480406 0.805681020199699
0.568940972978387 0.590567002563940 0.572308295195037
0.773311131770928 -0.147404756554719 -0.616653655810303
0.580730798555466 0.576892418101573 0.574410025631561
0.794007932984476 -0.245595363471337 -0.556088410056443
0.595562636206170 0.536803303624911 0.597618071658262
-0.631623872616831 -0.146742102987529 0.761260821763025
0.569299574242329 0.588412046008371 0.574168319292998
-0.602701813478889 0.773697824826341 -0.195300281331718
0.563757530826533 0.577508265232132 0.590475782759077
0.822767427472334 -0.330067806913306 -0.462719140656617
0.527757989056892 0.628122279895684 0.571781344995859
0.792601385724219 -0.122161833638225 -0.597377208931003
0.556759910852196 0.583079846547379 0.591638651727675
-0.199720217585657 0.785310047150716 -0.586003382696447
0.567115127006805 0.602996420939912 0.561048793826092
-0.152601561553580 0.746315183241391 -0.647862956708267
0.515032984197112 0.622871853699282 0.588873228342262
-0.0193041849264740 -0.678393970775082 0.734444666983390
0.507387310254873 0.620577151000361 0.597864631040004
-0.276115421460002 -0.540140372524687 0.794989718173045
0.565759051321734 0.571528613790262 0.594366670891389
-0.352480331291062 0.819270565942793 -0.452275751984029
0.542321127661428 0.613030013180536 0.574527629824631
-0.115289859105116 0.731652531315351 -0.671857739262830
0.565587071120593 0.577075616172992 0.589147687935539
-0.106805252760487 0.759627610789836 -0.641528277559527
0.563683100708672 0.564505348087934 0.602988452588918
0.822410819092917 -0.315669873335906 -0.473278961825909
0.563565147239275 0.577808477800705 0.590365723766893
-0.403557248423641 -0.431007837678470 0.807077314205070
0.515049058531716 0.623112793217593 0.588604208474730
0.815817980521378 -0.145666129453958 -0.559662756834796
0.562034427345361 0.592103884909314 0.577520815169350
0.820645616927145 -0.312043936358861 -0.478716359862426
0.529555124884401 0.602587560309906 0.597042378620163
0.739759179582415 0.0163803787980944 -0.672672312061366
0.576402405246227 0.585923994624960 0.569608058009271
-0.619946254253004 -0.140580238226948 0.771948080156771
0.548496261384398 0.613326202692226 0.568315775197621
0.800807881928728 -0.189795495567539 -0.568053171897752
0.588512360698005 0.554275265680590 0.588584854681441
0.798223892941032 -0.513980898281724 -0.314105480594618
0.597530776665861 0.546989058679027 0.586310447308015
-0.255280855603347 -0.563384505920947 0.785766875892992
0.543881335707410 0.606350791909117 0.580113618026944
-0.377676424387983 -0.440458498581968 0.814467205901150
0.606251742706891 0.549662318747875 0.574743560045319
-0.510596247861595 -0.285047632160334 0.811196227228312
0.586694890242323 0.572136228736863 0.573104913196799
-0.633407329282218 -0.116733145061643 0.764963089341953
0.561387955837243 0.591959284947604 0.578297300707173
0.788921865218440 -0.171808421491810 -0.589986573478371
0.576176910533275 0.557207211810174 0.597946729128157
-0.377748789064018 -0.467219197083679 0.799382307933539
0.590265802218629 0.551477519597155 0.589456383551970
-0.120534455102066 0.782269488873716 -0.611167646321779
0.550817698266556 0.592261514156400 0.588069861602770
-0.321202535713715 -0.499900148444209 0.804318825240674
0.542097164011293 0.590111116765481 0.598247051510252
-0.227460667362882 -0.582307182111271 0.780499833737627
0.557409873773570 0.609557819662057 0.563678540578380
-0.198757576989692 -0.561220514984284 0.803446923666997
0.571648420961522 0.607214686438511 0.551822804336302
-0.515866610264292 -0.257008658764111 0.817207556092515
0.589245363702117 0.560209665107297 0.582198447675644
-0.162356306265308 -0.623785206638748 0.764547216196973
0.557837383395763 0.610459954800921 0.562277598051555
-0.313305522271196 -0.472464531780818 0.823782080360763
0.551528159747210 0.599616840609888 0.579893381116626
0.821937024495586 -0.272093169362631 -0.500384686965480
0.490400569332205 0.647438740587733 0.583378401027000
0.769641194315829 -0.00770125295555421 -0.638430201913271
0.527588992275052 0.612809959294235 0.588314379409507
0.812243853103021 -0.161055304883487 -0.560643480177238
0.529154383992841 0.614397756951132 0.585244422574513
0.744124337227721 -0.00455468544840187 -0.668025617462289
